P0: 1318.95273325 -859.15213894 -289.13390611 11272.03223502 90.01799314 -2.9727517 -1445.63809767 585.78988153 0.876766 0.344395 -0.335669 -7.26891
P0: 704.216073 -1373.17442 -432.235765 -20336.9364 -92.8351327 -17.7543929 -1456.29177 980.290034 0.871736 -0.0903453 -0.481574 -2.58546
P0: 1318.95273 -859.152139 -289.133906 11272.0322 90.0179931 -2.9727517 -1445.6381 585.789882 0.876766 0.344395 -0.335669 -7.26891
P0: 290.064402 -1522.65886 -417.082935 -398.03125 -88.9628396 6.86258619 -1451.78013 454.220718 0.818463845 -0.328184922 -0.471605571 -0.182577035
R0_rect: 1.0 0.0 0.0 0.0 1.0 0.0 0.0 0.0 1.0
Tr_velo_to_cam_0: 0.641509 -0.766975 0.0146997 1.99131 -0.258939 -0.234538 -0.936986 1.21464 0.722092 0.597278 -0.349058 -1.50021 0.0 0.0 0.0 1.0
Tr_velo_to_cam_1: -0.0931837 -0.995484 0.018077 -13.8309 -0.481033 0.029117 -0.876219 1.96067 0.871736 -0.0903453 -0.481574 -2.58546 0.0 0.0 0.0 1.0
Tr_velo_to_cam_2: 0.37383 -0.927155 0.0251845 14.2181 -0.302544 -0.147564 -0.941643 3.50648 0.876766 0.344395 -0.335669 -7.26891 0.0 0.0 0.0 1.0
Tr_velo_to_cam_3: -0.374855 -0.926815 0.0222604 -0.284537 -0.465575 0.167432 -0.869026 0.683219 0.8017 -0.336123 -0.494264 -0.837352 0.0 0.0 0.0 1.0
